Do you Breathe?,rahmanmisbahur2005@gmail.com,Description,Email
,,,
,,Do you bleed?,rahmanmisbahur2005@gmail.com
,,fuck you?,nigga@gkail.com
,,,nigga@gmail.com
